1 1 0 0 0 0 0
1 1 1 0 0 0 0
1 1 2 0 0 0 0
1 1 3 0 0 0 0
1 1 4 0 0 0 0
1 0 5 0 0 0 0
1 0 6 0 0 0 0
1 0 7 0 0 0 0
1 0 8 0 0 0 0
1 0 9 0 0 0 0
1 0 10 0 0 0 0
1 0 11 0 0 0 0
2 1 0 0 1 0 0
2 1 1 0 1 0 1
2 1 2 0 1 0 2
2 0 3 0 1 0 3
2 0 4 0 1 0 4
2 0 5 0 1 0 5
2 0 6 0 1 0 6
2 0 7 0 1 0 7
2 0 8 0 1 0 8
2 0 9 0 1 0 9
2 0 10 0 1 0 10
2 0 11 0 1 0 11
3 1 0 0 1 0 0
3 0 1 0 1 0 1
3 0 2 0 1 0 2
3 0 3 0 1 0 3
3 0 4 0 1 0 4
3 0 5 0 1 0 5
3 0 6 0 1 0 6
3 0 7 0 1 0 7
3 1 8 0 1 0 8
3 1 9 0 1 0 9
3 1 10 0 1 0 10
4 1 0 1 1 0 0
4 0 1 1 1 1 1
4 0 2 1 1 2 2
4 0 3 1 1 3 3
4 0 4 1 1 4 4
4 0 5 1 1 5 5
4 0 6 1 1 6 6
4 0 7 1 1 7 7
4 0 8 1 1 8 8
4 0 9 1 1 9 9
4 0 10 1 1 10 10
4 0 11 1 1 11 11
5 0 0 0 1 0 0
5 0 1 0 1 0 1
5 0 2 0 1 0 2
5 0 3 0 1 0 3
5 0 4 0 1 0 4
5 0 5 0 1 0 5
5 0 6 0 1 0 6
5 0 7 0 1 0 7
5 0 8 0 1 0 8
5 0 9 0 1 0 9
5 0 10 0 1 0 10
5 0 11 0 1 0 11
6 0 0 1 0 0 0
6 0 1 1 0 1 0
6 0 2 1 0 2 0
6 0 3 1 0 3 0
6 0 4 1 0 4 0
6 0 5 1 0 5 0
6 0 6 1 0 6 0
6 0 7 1 0 7 0
6 0 8 1 0 8 0
6 0 9 1 0 9 0
6 0 10 1 0 10 0
6 0 11 1 0 11 0
7 0 0 0 1 0 0
7 0 1 0 1 0 1
7 0 2 0 1 0 2
7 0 3 0 1 0 3
7 0 4 0 1 0 4
7 0 5 0 1 0 5
7 0 6 0 1 0 6
7 0 7 0 1 0 7
7 0 8 0 1 0 8
7 0 9 0 1 0 9
7 0 10 0 1 0 10
7 0 11 0 1 0 11
8 1 0 0 1 0 0
8 1 1 0 1 0 1
8 0 2 0 1 0 2
8 0 3 0 1 0 3
8 0 4 0 1 0 4
8 0 5 0 1 0 5
8 0 6 0 1 0 6
8 0 7 0 1 0 7
8 0 8 0 1 0 8
8 0 9 0 1 0 9
8 0 10 0 1 0 10
8 0 11 0 1 0 11
9 1 0 1 1 0 0
9 1 1 1 1 1 1
9 1 2 1 1 2 2
9 0 3 1 1 3 3
9 0 4 1 1 4 4
9 0 5 1 1 5 5
9 0 6 1 1 6 6
9 0 7 1 1 7 7
9 0 8 1 1 8 8
9 0 9 1 1 9 9
9 0 10 1 1 10 10
9 0 11 1 1 11 11
10 1 0 0 0 0 0
10 1 1 0 0 0 0
10 1 2 0 0 0 0
10 0 3 0 0 0 0
10 0 4 0 0 0 0
10 0 5 0 0 0 0
10 0 6 0 0 0 0
10 0 7 0 0 0 0
10 0 8 0 0 0 0
10 0 9 0 0 0 0
10 0 10 0 0 0 0
10 0 11 0 0 0 0
11 1 0 1 1 0 0
11 1 1 1 1 1 1
11 1 2 1 1 2 2
11 1 3 1 1 3 3
11 0 4 1 1 4 4
11 0 5 1 1 5 5
11 0 6 1 1 6 6
11 0 7 1 1 7 7
11 0 8 1 1 8 8
11 0 9 1 1 9 9
11 0 10 1 1 10 10
11 0 11 1 1 11 11
12 0 0 1 1 0 0
12 0 1 1 1 1 1
12 0 2 1 1 2 2
12 0 3 1 1 3 3
12 0 4 1 1 4 4
13 0 0 0 0 0 0
13 0 1 0 0 0 0
13 0 2 0 0 0 0
13 0 3 0 0 0 0
13 0 4 0 0 0 0
13 0 5 0 0 0 0
13 0 6 0 0 0 0
13 0 7 0 0 0 0
13 0 8 0 0 0 0
13 0 9 0 0 0 0
13 0 10 0 0 0 0
13 0 11 0 0 0 0
14 1 0 0 0 0 0
14 1 1 0 0 0 0
14 1 2 0 0 0 0
14 1 3 0 0 0 0
14 1 4 0 0 0 0
14 1 5 0 0 0 0
14 1 6 0 0 0 0
14 1 7 0 0 0 0
14 1 8 0 0 0 0
14 0 9 0 0 0 0
14 1 10 0 0 0 0
14 1 11 0 0 0 0
15 1 0 0 0 0 0
15 1 1 0 0 0 0
15 1 2 0 0 0 0
15 1 3 0 0 0 0
15 0 4 0 0 0 0
15 0 5 0 0 0 0
15 0 6 0 0 0 0
15 0 7 0 0 0 0
15 0 8 0 0 0 0
15 0 9 0 0 0 0
15 0 10 0 0 0 0
15 0 11 0 0 0 0
16 1 0 0 0 0 0
16 1 1 0 0 0 0
16 0 2 0 0 0 0
16 1 3 0 0 0 0
16 0 4 0 0 0 0
16 1 5 0 0 0 0
16 1 6 0 0 0 0
16 1 7 0 0 0 0
16 0 8 0 0 0 0
16 0 9 0 0 0 0
16 0 10 0 0 0 0
16 0 11 0 0 0 0
17 1 0 1 1 0 0
17 1 1 1 1 1 1
18 0 0 1 1 0 0
18 0 1 1 1 1 1
18 0 2 1 1 2 2
18 0 3 1 1 3 3
18 0 4 1 1 4 4
18 0 5 1 1 5 5
18 0 6 1 1 6 6
18 0 7 1 1 7 7
18 0 8 1 1 8 8
18 0 9 1 1 9 9
18 0 10 1 1 10 10
18 0 11 1 1 11 11
19 1 0 0 1 0 0
19 1 1 0 1 0 1
19 1 2 0 1 0 2
19 1 3 0 1 0 3
19 0 4 0 1 0 4
20 1 0 0 1 0 0
20 1 1 0 1 0 1
20 0 2 0 1 0 2
20 0 3 0 1 0 3
20 0 4 0 1 0 4
20 0 5 0 1 0 5
20 0 6 0 1 0 6
20 0 7 0 1 0 7
20 0 8 0 1 0 8
20 0 9 0 1 0 9
20 0 10 0 1 0 10
20 0 11 0 1 0 11
21 1 0 0 1 0 0
21 1 1 0 1 0 1
21 1 2 0 1 0 2
21 1 3 0 1 0 3
21 0 4 0 1 0 4
21 0 5 0 1 0 5
21 0 6 0 1 0 6
21 0 7 0 1 0 7
21 0 8 0 1 0 8
21 0 9 0 1 0 9
21 0 10 0 1 0 10
21 0 11 0 1 0 11
22 1 0 0 0 0 0
22 1 1 0 0 0 0
22 1 2 0 0 0 0
22 1 3 0 0 0 0
22 1 4 0 0 0 0
22 0 5 0 0 0 0
22 0 6 0 0 0 0
22 0 7 0 0 0 0
22 0 8 0 0 0 0
22 0 9 0 0 0 0
22 0 10 0 0 0 0
22 0 11 0 0 0 0
23 0 0 0 0 0 0
23 0 1 0 0 0 0
23 0 2 0 0 0 0
23 0 3 0 0 0 0
23 0 4 0 0 0 0
23 0 5 0 0 0 0
23 1 6 0 0 0 0
23 1 7 0 0 0 0
23 0 8 0 0 0 0
23 0 9 0 0 0 0
23 0 10 0 0 0 0
23 0 11 0 0 0 0
24 1 0 1 1 0 0
24 0 1 1 1 1 1
24 1 2 1 1 2 2
24 1 3 1 1 3 3
24 1 4 1 1 4 4
24 1 5 1 1 5 5
24 0 6 1 1 6 6
24 0 7 1 1 7 7
24 0 8 1 1 8 8
24 0 9 1 1 9 9
24 0 10 1 1 10 10
24 0 11 1 1 11 11
25 0 0 1 0 0 0
25 0 1 1 0 1 0
25 0 2 1 0 2 0
25 0 3 1 0 3 0
25 0 4 1 0 4 0
25 0 5 1 0 5 0
25 0 6 1 0 6 0
25 0 7 1 0 7 0
25 0 8 1 0 8 0
25 0 9 1 0 9 0
25 0 10 1 0 10 0
25 0 11 1 0 11 0
26 0 0 0 1 0 0
26 0 1 0 1 0 1
26 0 2 0 1 0 2
26 0 3 0 1 0 3
26 0 4 0 1 0 4
26 0 5 0 1 0 5
26 0 6 0 1 0 6
26 0 7 0 1 0 7
26 0 8 0 1 0 8
26 0 9 0 1 0 9
26 0 10 0 1 0 10
26 0 11 0 1 0 11
27 1 0 1 0 0 0
27 1 1 1 0 1 0
27 1 2 1 0 2 0
27 1 3 1 0 3 0
27 1 4 1 0 4 0
27 1 5 1 0 5 0
27 1 6 1 0 6 0
27 1 7 1 0 7 0
27 0 8 1 0 8 0
27 1 9 1 0 9 0
27 1 10 1 0 10 0
27 1 11 1 0 11 0
28 0 0 0 0 0 0
28 0 1 0 0 0 0
28 0 2 0 0 0 0
28 0 3 0 0 0 0
29 1 0 1 1 0 0
29 1 1 1 1 1 1
29 1 2 1 1 2 2
29 1 3 1 1 3 3
29 1 4 1 1 4 4
29 0 5 1 1 5 5
29 0 6 1 1 6 6
29 0 7 1 1 7 7
29 0 8 1 1 8 8
29 0 9 1 1 9 9
29 0 10 1 1 10 10
29 0 11 1 1 11 11
30 0 0 0 1 0 0
30 0 1 0 1 0 1
30 0 2 0 1 0 2
30 0 3 0 1 0 3
30 0 4 0 1 0 4
30 0 5 0 1 0 5
30 0 6 0 1 0 6
30 0 7 0 1 0 7
30 0 8 0 1 0 8
30 0 9 0 1 0 9
30 0 10 0 1 0 10
30 0 11 0 1 0 11
31 1 0 1 0 0 0
31 1 1 1 0 1 0
31 1 2 1 0 2 0
31 1 3 1 0 3 0
31 1 4 1 0 4 0
31 0 5 1 0 5 0
31 0 6 1 0 6 0
31 0 7 1 0 7 0
31 0 8 1 0 8 0
31 0 9 1 0 9 0
31 0 10 1 0 10 0
31 0 11 1 0 11 0
32 1 0 0 1 0 0
32 1 1 0 1 0 1
32 1 2 0 1 0 2
32 1 3 0 1 0 3
32 1 4 0 1 0 4
32 0 5 0 1 0 5
32 0 6 0 1 0 6
32 0 7 0 1 0 7
32 0 8 0 1 0 8
32 0 9 0 1 0 9
32 0 10 0 1 0 10
32 0 11 0 1 0 11
33 1 0 0 1 0 0
33 1 1 0 1 0 1
33 0 2 0 1 0 2
33 1 3 0 1 0 3
33 1 4 0 1 0 4
33 0 5 0 1 0 5
33 0 6 0 1 0 6
33 0 7 0 1 0 7
33 0 8 0 1 0 8
33 1 9 0 1 0 9
33 1 10 0 1 0 10
33 1 11 0 1 0 11
34 1 0 0 0 0 0
34 1 1 0 0 0 0
34 1 2 0 0 0 0
34 1 3 0 0 0 0
34 0 4 0 0 0 0
34 0 5 0 0 0 0
34 0 6 0 0 0 0
34 0 7 0 0 0 0
34 0 8 0 0 0 0
34 0 9 0 0 0 0
34 0 10 0 0 0 0
34 0 11 0 0 0 0
35 1 0 1 1 0 0
35 1 1 1 1 1 1
35 1 2 1 1 2 2
35 1 3 1 1 3 3
35 0 4 1 1 4 4
35 0 5 1 1 5 5
35 0 6 1 1 6 6
35 0 7 1 1 7 7
35 0 8 1 1 8 8
35 0 9 1 1 9 9
35 0 10 1 1 10 10
35 0 11 1 1 11 11
36 1 0 1 0 0 0
36 1 1 1 0 1 0
36 1 2 1 0 2 0
36 0 3 1 0 3 0
36 0 4 1 0 4 0
36 0 5 1 0 5 0
36 0 6 1 0 6 0
36 0 7 1 0 7 0
36 0 8 1 0 8 0
36 0 9 1 0 9 0
36 0 10 1 0 10 0
36 0 11 1 0 11 0
37 1 0 0 1 0 0
37 1 1 0 1 0 1
37 0 2 0 1 0 2
37 0 3 0 1 0 3
37 0 4 0 1 0 4
37 0 5 0 1 0 5
37 1 6 0 1 0 6
37 0 7 0 1 0 7
37 0 8 0 1 0 8
37 0 9 0 1 0 9
37 0 10 0 1 0 10
37 0 11 0 1 0 11
38 0 0 0 1 0 0
38 0 1 0 1 0 1
38 0 2 0 1 0 2
38 0 3 0 1 0 3
38 0 4 0 1 0 4
38 0 5 0 1 0 5
38 0 6 0 1 0 6
38 0 7 0 1 0 7
38 0 8 0 1 0 8
38 0 9 0 1 0 9
38 0 10 0 1 0 10
38 0 11 0 1 0 11
39 1 0 0 1 0 0
39 1 1 0 1 0 1
39 1 2 0 1 0 2
39 0 3 0 1 0 3
39 1 4 0 1 0 4
39 0 5 0 1 0 5
39 0 6 0 1 0 6
39 0 7 0 1 0 7
39 0 8 0 1 0 8
39 0 9 0 1 0 9
39 0 10 0 1 0 10
39 0 11 0 1 0 11
40 1 0 1 1 0 0
40 1 1 1 1 1 1
40 1 2 1 1 2 2
40 1 3 1 1 3 3
40 1 4 1 1 4 4
40 1 5 1 1 5 5
40 0 6 1 1 6 6
40 0 7 1 1 7 7
41 0 0 1 1 0 0
41 0 1 1 1 1 1
41 0 2 1 1 2 2
41 0 3 1 1 3 3
41 0 4 1 1 4 4
41 0 5 1 1 5 5
41 0 6 1 1 6 6
41 0 7 1 1 7 7
41 0 8 1 1 8 8
41 0 9 1 1 9 9
41 0 10 1 1 10 10
41 0 11 1 1 11 11
42 1 0 1 1 0 0
42 1 1 1 1 1 1
42 1 2 1 1 2 2
42 1 3 1 1 3 3
42 0 4 1 1 4 4
42 0 5 1 1 5 5
42 0 6 1 1 6 6
42 1 7 1 1 7 7
42 1 8 1 1 8 8
42 0 9 1 1 9 9
42 0 10 1 1 10 10
42 0 11 1 1 11 11
43 1 0 0 0 0 0
43 1 1 0 0 0 0
43 1 2 0 0 0 0
43 0 3 0 0 0 0
43 0 4 0 0 0 0
43 1 5 0 0 0 0
43 1 6 0 0 0 0
43 1 7 0 0 0 0
43 0 8 0 0 0 0
43 1 9 0 0 0 0
43 0 10 0 0 0 0
43 0 11 0 0 0 0
44 0 0 0 0 0 0
44 1 1 0 0 0 0
44 1 2 0 0 0 0
44 1 3 0 0 0 0
44 0 4 0 0 0 0
44 0 5 0 0 0 0
44 0 6 0 0 0 0
44 0 7 0 0 0 0
44 0 8 0 0 0 0
44 0 9 0 0 0 0
44 0 10 0 0 0 0
44 0 11 0 0 0 0
45 1 0 0 0 0 0
45 1 1 0 0 0 0
45 1 2 0 0 0 0
45 1 3 0 0 0 0
45 1 4 0 0 0 0
45 1 5 0 0 0 0
45 0 6 0 0 0 0
45 1 7 0 0 0 0
45 1 8 0 0 0 0
45 0 9 0 0 0 0
45 0 10 0 0 0 0
45 0 11 0 0 0 0
46 1 0 0 0 0 0
46 1 1 0 0 0 0
46 1 2 0 0 0 0
46 1 3 0 0 0 0
46 1 4 0 0 0 0
46 1 5 0 0 0 0
46 1 6 0 0 0 0
46 0 7 0 0 0 0
46 0 8 0 0 0 0
46 0 9 0 0 0 0
46 0 10 0 0 0 0
46 0 11 0 0 0 0
47 1 0 1 1 0 0
47 1 1 1 1 1 1
47 0 2 1 1 2 2
47 0 3 1 1 3 3
47 1 4 1 1 4 4
47 1 5 1 1 5 5
47 1 6 1 1 6 6
47 0 7 1 1 7 7
47 0 8 1 1 8 8
47 0 9 1 1 9 9
47 0 10 1 1 10 10
47 0 11 1 1 11 11
48 0 0 0 0 0 0
48 0 1 0 0 0 0
48 0 2 0 0 0 0
48 0 3 0 0 0 0
48 0 4 0 0 0 0
48 0 5 0 0 0 0
48 0 6 0 0 0 0
48 0 7 0 0 0 0
48 0 8 0 0 0 0
48 0 9 0 0 0 0
48 0 10 0 0 0 0
48 0 11 0 0 0 0
49 1 0 0 1 0 0
49 0 1 0 1 0 1
49 0 2 0 1 0 2
49 0 3 0 1 0 3
50 0 0 0 0 0 0
50 1 1 0 0 0 0
50 0 2 0 0 0 0
50 0 3 0 0 0 0
50 0 4 0 0 0 0
50 1 5 0 0 0 0
50 1 6 0 0 0 0
50 1 7 0 0 0 0
50 1 8 0 0 0 0
50 1 9 0 0 0 0
50 1 10 0 0 0 0
50 1 11 0 0 0 0
51 0 0 1 0 0 0
51 1 1 1 0 1 0
51 1 2 1 0 2 0
51 1 3 1 0 3 0
51 1 4 1 0 4 0
51 1 5 1 0 5 0
51 1 6 1 0 6 0
51 0 7 1 0 7 0
51 0 8 1 0 8 0
51 0 9 1 0 9 0
51 0 10 1 0 10 0
51 0 11 1 0 11 0
52 1 0 0 0 0 0
52 0 1 0 0 0 0
52 1 2 0 0 0 0
52 1 3 0 0 0 0
52 1 4 0 0 0 0
52 1 5 0 0 0 0
52 0 6 0 0 0 0
52 1 7 0 0 0 0
52 1 8 0 0 0 0
52 1 9 0 0 0 0
52 0 10 0 0 0 0
52 0 11 0 0 0 0
53 1 0 0 0 0 0
53 0 1 0 0 0 0
53 0 2 0 0 0 0
53 0 3 0 0 0 0
53 0 4 0 0 0 0
53 0 5 0 0 0 0
53 0 6 0 0 0 0
53 0 7 0 0 0 0
53 0 8 0 0 0 0
53 0 9 0 0 0 0
53 0 10 0 0 0 0
53 0 11 0 0 0 0
54 0 0 0 1 0 0
54 0 1 0 1 0 1
54 0 2 0 1 0 2
54 0 3 0 1 0 3
54 0 4 0 1 0 4
54 0 5 0 1 0 5
54 0 6 0 1 0 6
54 0 7 0 1 0 7
54 0 8 0 1 0 8
54 0 9 0 1 0 9
54 0 10 0 1 0 10
54 0 11 0 1 0 11
55 1 0 0 1 0 0
55 0 1 0 1 0 1
55 0 2 0 1 0 2
55 0 3 0 1 0 3
55 0 4 0 1 0 4
55 0 5 0 1 0 5
55 0 6 0 1 0 6
55 0 7 0 1 0 7
55 0 8 0 1 0 8
55 0 9 0 1 0 9
55 0 10 0 1 0 10
55 0 11 0 1 0 11
56 1 0 1 0 0 0
56 1 1 1 0 1 0
56 0 2 1 0 2 0
56 1 3 1 0 3 0
56 1 4 1 0 4 0
56 1 5 1 0 5 0
56 0 6 1 0 6 0
56 0 7 1 0 7 0
56 0 8 1 0 8 0
56 0 9 1 0 9 0
56 0 10 1 0 10 0
56 0 11 1 0 11 0
57 0 0 0 0 0 0
57 0 1 0 0 0 0
57 0 2 0 0 0 0
57 1 3 0 0 0 0
57 1 4 0 0 0 0
57 0 5 0 0 0 0
57 0 6 0 0 0 0
57 0 7 0 0 0 0
57 0 8 0 0 0 0
57 0 9 0 0 0 0
57 0 10 0 0 0 0
57 0 11 0 0 0 0
58 0 0 0 1 0 0
58 0 1 0 1 0 1
58 0 2 0 1 0 2
59 1 0 0 0 0 0
59 1 1 0 0 0 0
59 1 2 0 0 0 0
59 1 3 0 0 0 0
59 0 4 0 0 0 0
59 0 5 0 0 0 0
59 0 6 0 0 0 0
59 0 7 0 0 0 0
59 0 8 0 0 0 0
59 0 9 0 0 0 0
59 0 10 0 0 0 0
59 1 11 0 0 0 0
60 1 0 1 1 0 0
60 1 1 1 1 1 1
60 1 2 1 1 2 2
60 1 3 1 1 3 3
60 1 4 1 1 4 4
60 0 5 1 1 5 5
60 0 6 1 1 6 6
60 0 7 1 1 7 7
60 0 8 1 1 8 8
60 0 9 1 1 9 9
60 0 10 1 1 10 10
60 0 11 1 1 11 11
61 0 0 0 0 0 0
61 1 1 0 0 0 0
61 0 2 0 0 0 0
61 0 3 0 0 0 0
61 0 4 0 0 0 0
61 0 5 0 0 0 0
61 0 6 0 0 0 0
61 0 7 0 0 0 0
61 0 8 0 0 0 0
61 0 9 0 0 0 0
61 0 10 0 0 0 0
61 0 11 0 0 0 0
62 1 0 1 0 0 0
62 1 1 1 0 1 0
62 1 2 1 0 2 0
62 1 3 1 0 3 0
62 1 4 1 0 4 0
62 1 5 1 0 5 0
62 0 6 1 0 6 0
62 0 7 1 0 7 0
62 0 8 1 0 8 0
62 0 9 1 0 9 0
62 0 10 1 0 10 0
62 0 11 1 0 11 0
63 1 0 0 1 0 0
63 0 1 0 1 0 1
63 1 2 0 1 0 2
63 1 3 0 1 0 3
63 1 4 0 1 0 4
63 0 5 0 1 0 5
63 0 6 0 1 0 6
64 1 0 1 1 0 0
64 1 1 1 1 1 1
64 1 2 1 1 2 2
64 1 3 1 1 3 3
64 1 4 1 1 4 4
64 0 5 1 1 5 5
64 0 6 1 1 6 6
64 0 7 1 1 7 7
64 0 8 1 1 8 8
64 0 9 1 1 9 9
64 0 10 1 1 10 10
64 0 11 1 1 11 11
65 0 0 1 0 0 0
65 0 1 1 0 1 0
65 0 2 1 0 2 0
65 0 3 1 0 3 0
65 0 4 1 0 4 0
65 0 5 1 0 5 0
65 0 6 1 0 6 0
65 0 7 1 0 7 0
65 0 8 1 0 8 0
65 0 9 1 0 9 0
65 0 10 1 0 10 0
65 0 11 1 0 11 0
66 0 0 0 0 0 0
66 0 1 0 0 0 0
66 0 2 0 0 0 0
66 0 3 0 0 0 0
66 0 4 0 0 0 0
66 0 5 0 0 0 0
66 0 6 0 0 0 0
66 0 7 0 0 0 0
66 0 8 0 0 0 0
66 0 9 0 0 0 0
66 0 10 0 0 0 0
66 0 11 0 0 0 0
67 0 0 0 0 0 0
67 1 1 0 0 0 0
67 1 2 0 0 0 0
67 1 3 0 0 0 0
67 0 4 0 0 0 0
67 0 5 0 0 0 0
67 0 6 0 0 0 0
67 0 7 0 0 0 0
67 0 8 0 0 0 0
67 0 9 0 0 0 0
67 0 10 0 0 0 0
67 0 11 0 0 0 0
68 1 0 0 0 0 0
68 1 1 0 0 0 0
68 1 2 0 0 0 0
68 1 3 0 0 0 0
68 1 4 0 0 0 0
68 1 5 0 0 0 0
68 1 6 0 0 0 0
68 1 7 0 0 0 0
68 1 8 0 0 0 0
68 1 9 0 0 0 0
68 1 10 0 0 0 0
68 1 11 0 0 0 0
69 0 0 0 1 0 0
69 0 1 0 1 0 1
69 0 2 0 1 0 2
69 0 3 0 1 0 3
69 0 4 0 1 0 4
69 0 5 0 1 0 5
69 0 6 0 1 0 6
69 0 7 0 1 0 7
70 0 0 0 1 0 0
70 0 1 0 1 0 1
70 0 2 0 1 0 2
70 0 3 0 1 0 3
70 0 4 0 1 0 4
70 0 5 0 1 0 5
70 0 6 0 1 0 6
70 0 7 0 1 0 7
70 0 8 0 1 0 8
70 0 9 0 1 0 9
70 0 10 0 1 0 10
70 0 11 0 1 0 11
71 1 0 0 0 0 0
71 1 1 0 0 0 0
71 1 2 0 0 0 0
71 1 3 0 0 0 0
71 0 4 0 0 0 0
71 1 5 0 0 0 0
71 1 6 0 0 0 0
71 0 7 0 0 0 0
71 0 8 0 0 0 0
71 0 9 0 0 0 0
71 0 10 0 0 0 0
71 0 11 0 0 0 0
72 1 0 0 0 0 0
72 0 1 0 0 0 0
72 0 2 0 0 0 0
72 0 3 0 0 0 0
72 0 4 0 0 0 0
72 0 5 0 0 0 0
72 0 6 0 0 0 0
72 0 7 0 0 0 0
72 0 8 0 0 0 0
72 0 9 0 0 0 0
72 0 10 0 0 0 0
72 0 11 0 0 0 0
73 0 0 1 1 0 0
73 0 1 1 1 1 1
73 1 2 1 1 2 2
73 0 3 1 1 3 3
73 0 4 1 1 4 4
73 0 5 1 1 5 5
73 0 6 1 1 6 6
73 0 7 1 1 7 7
73 0 8 1 1 8 8
73 0 9 1 1 9 9
73 0 10 1 1 10 10
73 0 11 1 1 11 11
74 1 0 0 1 0 0
74 1 1 0 1 0 1
74 0 2 0 1 0 2
74 0 3 0 1 0 3
74 0 4 0 1 0 4
74 0 5 0 1 0 5
74 0 6 0 1 0 6
74 0 7 0 1 0 7
74 0 8 0 1 0 8
74 0 9 0 1 0 9
74 0 10 0 1 0 10
74 0 11 0 1 0 11
75 1 0 1 0 0 0
75 0 1 1 0 1 0
75 0 2 1 0 2 0
75 0 3 1 0 3 0
75 0 4 1 0 4 0
75 0 5 1 0 5 0
75 0 6 1 0 6 0
75 0 7 1 0 7 0
76 0 0 0 0 0 0
76 1 1 0 0 0 0
76 1 2 0 0 0 0
77 0 0 1 0 0 0
77 0 1 1 0 1 0
77 0 2 1 0 2 0
77 1 3 1 0 3 0
77 1 4 1 0 4 0
77 0 5 1 0 5 0
77 0 6 1 0 6 0
77 0 7 1 0 7 0
77 0 8 1 0 8 0
77 0 9 1 0 9 0
77 0 10 1 0 10 0
77 0 11 1 0 11 0
78 1 0 1 1 0 0
78 1 1 1 1 1 1
78 1 2 1 1 2 2
78 1 3 1 1 3 3
78 1 4 1 1 4 4
78 1 5 1 1 5 5
78 0 6 1 1 6 6
78 0 7 1 1 7 7
78 0 8 1 1 8 8
78 1 9 1 1 9 9
79 1 0 0 0 0 0
79 1 1 0 0 0 0
80 1 0 0 0 0 0
80 1 1 0 0 0 0
80 1 2 0 0 0 0
80 0 3 0 0 0 0
80 1 4 0 0 0 0
80 1 5 0 0 0 0
80 0 6 0 0 0 0
80 0 7 0 0 0 0
80 0 8 0 0 0 0
80 0 9 0 0 0 0
80 0 10 0 0 0 0
80 0 11 0 0 0 0
81 1 0 1 1 0 0
81 0 1 1 1 1 1
81 1 2 1 1 2 2
81 0 3 1 1 3 3
81 0 4 1 1 4 4
81 0 5 1 1 5 5
81 0 6 1 1 6 6
81 0 7 1 1 7 7
81 0 8 1 1 8 8
81 0 9 1 1 9 9
81 0 10 1 1 10 10
81 0 11 1 1 11 11
82 1 0 0 1 0 0
85 1 0 1 0 0 0
85 1 1 1 0 1 0
85 1 2 1 0 2 0
85 1 3 1 0 3 0
85 1 4 1 0 4 0
85 1 5 1 0 5 0
85 1 6 1 0 6 0
85 0 7 1 0 7 0
85 0 8 1 0 8 0
85 0 9 1 0 9 0
85 0 10 1 0 10 0
85 0 11 1 0 11 0
86 0 0 0 0 0 0
86 1 1 0 0 0 0
86 1 2 0 0 0 0
87 1 0 0 0 0 0
87 1 1 0 0 0 0
87 0 2 0 0 0 0
87 0 3 0 0 0 0
87 0 4 0 0 0 0
87 0 5 0 0 0 0
87 0 6 0 0 0 0
87 0 7 0 0 0 0
87 0 8 0 0 0 0
87 0 9 0 0 0 0
90 1 0 0 0 0 0
90 1 1 0 0 0 0
90 1 2 0 0 0 0
90 1 3 0 0 0 0
90 1 4 0 0 0 0
90 1 5 0 0 0 0
90 0 6 0 0 0 0
90 0 7 0 0 0 0
90 0 8 0 0 0 0
90 0 9 0 0 0 0
90 0 10 0 0 0 0
90 0 11 0 0 0 0
