1   1    1    3.63
1   1    2    3.57
1   1    3    3.47
1   1    4    3.65
1   1    5    3.89
1   1    6    3.73
1   1    7    3.77
1   1    8    3.90
1   1    9    3.78
1   1   10    3.82
1   1   11    3.83
1   1   12    3.71
1   1   13    4.10
1   1   14    4.02
1   1   15    4.13
1   1   16    4.08
1   1   17    4.22
1   1   18    4.44
1   1   19    4.30
1   2    1    3.24
1   2    2    3.25
1   2    3    3.29
1   2    4    3.09
1   2    5    3.38
1   2    6    3.33
1   2    7    3.00
1   2    8    3.16
1   2    9    3.34
1   2   10    3.32
1   2   11    3.31
1   2   12    3.27
1   2   13    3.41
1   2   14    3.45
1   2   15    3.12
1   2   16    3.42
1   2   17    3.40
1   2   18    3.17
1   2   19    3.00
1   3    1    3.98
1   3    2    3.60
1   3    3    3.43
1   3    4    3.30
1   3    5    3.29
1   3    6    3.25
1   3    7    2.93
1   3    8    3.20
1   3    9    3.27
1   3   10    3.22
1   3   11    2.93
1   3   12    2.92
1   3   13    2.82
1   3   14    2.64
1   4    1    3.66
1   4    2    3.50
1   4    3    3.05
1   4    4    2.90
1   4    5    2.72
1   4    6    3.11
1   4    7    3.05
1   4    8    2.80
1   4    9    3.20
1   4   10    3.18
1   4   11    3.14
1   4   12    3.18
1   4   13    3.24
1   4   14    3.37
1   4   15    3.30
1   4   16    3.40
1   4   17    3.35
1   4   18    3.28
1   5    1    4.34
1   5    2    3.76
1   5    3    3.68
1   5    4    3.51
1   5    5    3.45
1   5    6    3.53
1   5    7    3.60
1   5    8    3.77
1   5    9    3.90
1   5   10    3.87
1   5   11    3.61
1   5   12    3.85
1   5   13    3.94
1   5   14    3.87
1   5   15    3.60
1   5   16    3.06
1   5   17    3.47
1   5   18    3.50
1   5   19    3.42
1   6    1    4.36
1   6    2    3.71
1   6    3    3.42
1   6    4    3.95
1   6    5    4.06
1   6    6    3.73
1   6    7    3.92
1   6    8    3.99
1   6    9    3.70
1   6   10    3.88
1   6   11    3.71
1   6   12    3.62
1   6   13    3.74
1   6   14    3.42
1   7    1    4.17
1   7    2    3.60
1   7    3    3.52
1   7    4    3.10
1   7    5    3.78
1   7    6    3.42
1   7    7    3.66
1   7    8    3.64
1   7    9    3.83
1   7   10    3.73
1   7   11    3.72
1   7   12    3.65
1   7   13    3.50
1   7   14    3.32
1   7   15    2.95
1   7   16    3.34
1   7   17    3.51
1   7   18    3.17
1   8    1    4.40
1   8    2    3.86
1   8    3    3.56
1   8    4    3.32
1   8    5    3.64
1   8    6    3.57
1   8    7    3.47
1   8    8    3.97
1   8   10    3.78
1   8   11    3.98
1   8   12    3.90
1   8   13    4.05
1   8   14    4.06
1   8   15    4.05
1   8   16    3.92
1   8   17    3.65
1   8   18    3.60
1   8   19    3.74
1   9    1    3.40
1   9    2    3.42
1   9    3    3.51
1   9    4    3.39
1   9    5    3.35
1   9    6    3.13
1   9    7    3.21
1   9    8    3.50
1   9    9    3.55
1   9   10    3.28
1   9   11    3.75
1   9   12    3.55
1   9   13    3.53
1   9   14    3.52
1   9   15    3.77
1   9   16    3.77
1   9   17    3.74
1   9   18    4.00
1   9   19    3.87
1  10    1    3.75
1  10    2    3.89
1  10    3    3.65
1  10    4    3.42
1  10    5    3.32
1  10    6    3.27
1  10    7    3.34
1  10    8    3.35
1  10    9    3.09
1  10   10    3.65
1  10   11    3.53
1  10   12    3.50
1  10   13    3.63
1  10   14    3.91
1  10   15    3.73
1  10   16    3.71
1  10   17    4.18
1  10   18    3.97
1  10   19    4.06
1  11    1    4.20
1  11    2    3.59
1  11    3    3.55
1  11    4    3.27
1  11    5    3.19
1  11    6    3.60
1  11    7    3.50
1  11    8    3.55
1  11    9    3.60
1  11   10    3.75
1  11   11    3.75
1  11   12    3.75
1  11   13    3.89
1  11   14    3.87
1  11   15    3.60
1  11   16    3.68
1  11   17    3.68
1  11   18    3.56
1  11   19    3.34
1  12    1    4.02
1  12    2    3.76
1  12    3    3.60
1  12    4    3.53
1  12    5    3.95
1  12    6    3.26
1  12    7    3.73
1  12    8    3.96
1  12   10    3.70
1  12   12    3.45
1  12   13    3.50
1  12   14    3.13
1  13    1    4.02
1  13    2    3.90
1  13    3    3.73
1  13    4    3.55
1  13    5    3.71
1  13    6    3.40
1  13    7    3.49
1  13    8    3.74
1  13    9    3.61
1  13   10    3.42
1  13   11    3.46
1  13   12    3.40
1  13   13    3.38
1  13   14    3.13
1  14    1    3.90
1  14    2    3.33
1  14    3    3.25
1  14    4    3.22
1  14    5    3.35
1  14    6    3.24
1  14    7    3.16
1  14    8    3.33
1  14    9    3.12
1  14   10    2.93
1  14   11    2.84
1  14   12    3.07
1  14   13    3.02
1  14   14    2.75
1  15    1    3.81
1  15    2    4.00
1  15    3    3.57
1  15    4    3.47
1  15    5    3.52
1  15    6    3.63
1  15    7    3.45
1  15    8    3.50
1  15    9    3.71
1  15   10    3.55
1  15   11    3.13
1  15   12    3.04
1  15   13    3.31
1  15   14    3.22
1  15   15    2.92
1  16    1    3.62
1  16    2    3.22
1  16    3    3.62
1  16    4    3.02
1  16    5    3.28
1  16    6    3.15
1  16    7    3.52
1  16    8    3.22
1  16    9    3.45
1  16   10    3.51
1  16   11    3.38
1  16   12    3.00
1  16   13    2.94
1  16   14    3.52
1  16   15    3.48
1  16   16    3.02
1  17    1    3.66
1  17    2    3.66
1  17    3    3.28
1  17    4    3.10
1  17    5    2.66
1  17    6    3.00
1  17    7    3.15
1  17    8    3.01
1  17    9    3.50
1  17   10    3.29
1  17   11    3.16
1  17   12    3.33
1  17   13    3.50
1  17   14    3.46
1  17   15    3.48
1  17   16    3.98
1  17   17    3.70
1  17   18    3.36
1  17   19    3.55
1  18    1    4.44
1  18    2    3.85
1  18    3    3.55
1  18    4    3.22
1  18    5    3.40
1  18    6    3.28
1  18    7    3.42
1  18    8    3.35
1  18    9    3.01
1  18   10    3.55
1  18   11    3.70
1  18   12    3.73
1  18   13    3.65
1  18   14    3.78
1  18   15    3.82
1  18   16    3.75
1  18   17    3.95
1  18   18    3.85
1  18   19    3.72
1  19    1    4.23
1  19    2    3.75
1  19    3    3.82
1  19    4    3.60
1  19    5    4.09
1  19    6    3.84
1  19    7    3.62
1  19    8    3.36
1  19    9    3.65
1  19   10    3.41
1  19   11    3.15
1  19   12    3.68
1  19   13    3.54
1  19   14    3.75
1  19   15    3.72
1  19   16    4.05
1  19   17    3.60
1  19   18    3.88
1  19   19    3.98
1  20    1    3.82
1  20    3    3.27
1  20    4    3.33
1  20    5    3.25
1  20    6    2.97
1  20    7    3.57
1  20    8    3.43
1  20    9    3.50
1  20   10    3.58
1  20   11    3.70
1  20   12    3.55
1  20   13    3.58
1  20   14    3.70
1  20   15    3.60
1  20   16    3.42
1  20   17    3.33
1  20   18    3.53
1  20   19    3.40
1  21    1    3.53
1  21    2    3.10
1  21    3    3.90
1  21    4    3.48
1  21    5    3.35
1  21    6    3.35
1  21    7    3.65
1  21    8    3.56
1  21    9    3.27
1  21   10    3.61
1  21   11    3.66
1  21   12    3.47
1  21   13    3.34
1  21   14    3.32
1  21   15    3.22
1  21   16    3.18
1  22    1    4.47
1  22    2    3.86
1  22    3    3.34
1  22    4    3.49
1  22    5    3.74
1  22    6    3.24
1  22    7    3.71
1  22    8    3.46
1  22    9    3.88
1  22   10    3.60
1  22   11    4.00
1  22   12    3.83
1  22   13    3.80
1  22   14    4.12
1  22   15    3.98
1  22   16    3.77
1  22   17    3.52
1  22   18    3.50
1  22   19    3.42
1  23    1    3.93
1  23    2    3.79
1  23    3    3.68
1  23    4    3.58
1  23    5    3.76
1  23    6    3.66
1  23    7    3.57
1  23    8    3.85
1  23    9    3.75
1  23   10    3.37
1  23   11    3.00
1  23   12    3.24
1  23   13    3.44
1  23   14    3.23
1  24    1    3.27
1  24    2    3.84
1  24    3    3.46
1  24    4    3.44
1  24    5    3.40
1  24    6    3.50
1  24    7    3.63
1  24    8    3.47
1  24    9    3.32
1  24   10    3.47
1  24   11    3.40
1  24   12    3.27
1  24   13    3.74
1  24   14    3.76
1  24   15    3.68
1  24   16    3.68
1  24   17    3.93
1  24   18    3.80
1  24   19    3.52
1  25    1    3.32
1  25    2    3.61
1  25    3    3.25
1  25    4    3.48
1  25    5    3.58
1  25    6    3.47
1  25    7    3.60
1  25    8    3.51
1  25    9    3.74
1  25   10    3.50
1  25   11    3.08
1  25   12    2.77
1  25   13    3.22
1  25   14    3.35
1  25   15    3.14
2  26    1    3.38
2  26    2    3.38
2  26    3    3.10
2  26    4    3.09
2  26    5    3.15
2  26    6    2.77
2  26    7    3.40
2  26    8    3.25
2  26    9    3.35
2  26   10    3.57
2  26   11    3.80
2  26   12    3.70
2  26   13    3.44
2  26   14    3.51
2  26   15    3.78
2  26   16    3.52
2  26   17    3.26
2  26   18    3.52
2  26   19    3.25
2  27    1    3.80
2  27    2    3.51
2  27    3    3.19
2  27    4    3.11
2  27    5    3.35
2  27    6    3.46
2  27    7    3.20
2  27    8    3.52
2  27    9    3.66
2  27   10    3.87
2  27   11    3.85
2  27   12    3.90
2  27   13    4.06
2  27   14    3.93
2  27   15    3.40
2  27   16    3.85
2  27   17    3.93
2  27   18    3.52
2  27   19    3.62
2  28    1    4.17
2  28    2    3.71
2  28    3    3.32
2  28    4    3.10
2  28    5    3.07
2  28    6    3.11
2  28    7    3.29
2  28    8    3.00
2  28    9    3.32
2  28   10    3.25
2  28   11    3.50
2  28   12    3.31
2  28   13    3.51
2  28   14    3.54
2  28   15    3.45
2  28   16    3.59
2  28   17    3.38
2  28   18    3.44
2  28   19    3.18
2  29    1    4.59
2  29    2    3.86
2  29    3    3.62
2  29    4    3.60
2  29    5    3.65
2  29    6    3.75
2  29    7    3.71
2  29    8    3.73
2  29    9    3.62
2  29   10    3.63
2  29   11    3.40
2  29   12    3.44
2  29   13    3.45
2  29   14    3.20
2  30    1    4.07
2  30    2    3.45
2  30    3    3.56
2  30    4    3.10
2  30    5    3.92
2  30    6    3.20
2  30    7    3.28
2  30    8    3.36
2  30    9    3.28
2  30   10    3.25
2  30   11    2.99
2  30   12    3.10
2  30   13    3.05
2  30   14    2.70
2  31    1    4.32
2  31    2    3.37
2  31    3    3.47
2  31    4    3.46
2  31    5    3.31
2  31    6    3.57
2  31    7    3.38
2  31    8    3.01
2  31    9    3.66
2  31   10    3.46
2  31   11    3.21
2  31   12    3.76
2  31   13    3.44
2  31   14    3.47
2  31   15    3.45
2  31   16    3.89
2  31   17    3.65
2  31   18    3.59
2  31   19    3.80
2  32    1    3.56
2  32    2    3.14
2  32    3    3.60
2  32    4    3.36
2  32    5    3.37
2  32    6    3.44
2  32    7    3.57
2  32    8    3.55
2  32    9    3.57
2  32   10    3.68
2  32   11    3.58
2  32   12    3.65
2  32   13    3.29
2  32   14    3.53
2  32   15    3.26
2  32   16    2.89
2  33    1    3.67
2  33    2    3.33
2  33    3    3.20
2  33    4    2.72
2  33    5    2.95
2  33    6    3.07
2  33    7    2.90
2  33    8    3.56
2  33    9    3.19
2  33   10    3.35
2  33   11    3.26
2  33   12    3.40
2  33   13    3.18
2  33   14    3.43
2  33   15    3.57
2  33   16    3.49
2  33   17    3.59
2  33   18    3.27
2  33   19    3.48
2  34    1    4.15
2  34    2    3.55
2  34    3    3.27
2  34    4    3.27
2  34    5    3.65
2  34    6    3.58
2  34    7    3.55
2  34    8    3.47
2  34    9    3.48
2  34   10    3.55
2  34   11    3.30
2  34   12    3.32
2  34   13    3.22
2  34   14    2.97
2  35    1    3.51
2  35    2    3.90
2  35    3    2.75
2  35    4    3.37
2  35    5    3.51
2  35    6    3.64
2  35    7    3.55
2  35    8    3.60
2  35    9    3.70
2  35   10    3.60
2  35   11    3.65
2  35   12    3.55
2  35   13    3.30
2  35   14    3.15
2  35   15    2.90
2  36    1    4.20
2  36    2    3.31
2  36    3    3.30
2  36    4    3.32
2  36    5    3.29
2  36    6    3.17
2  36    7    3.04
2  36    8    3.09
2  36    9    3.14
2  36   10    3.04
2  36   11    3.46
2  36   12    3.12
2  36   13    3.30
2  36   14    3.09
2  36   15    3.45
2  36   16    3.47
2  36   17    3.30
2  36   18    3.45
2  36   19    3.42
2  37    1    4.12
2  37    2    3.56
2  37    3    3.58
2  37    4    3.47
2  37    5    3.20
2  37    6    3.50
2  37    7    3.40
2  37    8    3.56
2  37    9    3.02
2  37   10    3.25
2  37   11    3.44
2  37   12    3.52
2  37   13    3.72
2  37   14    3.55
2  37   15    3.65
2  37   16    3.30
2  37   17    3.35
2  37   18    3.20
2  37   19    2.84
2  38    1    3.52
2  38    2    3.64
2  38    3    3.10
2  38    4    3.19
2  38    5    2.95
2  38    6    2.75
2  38    7    3.15
2  38    8    3.20
2  38    9    3.03
2  38   10    3.53
2  38   11    3.42
2  38   12    3.46
2  38   13    3.33
2  38   14    3.53
2  38   15    3.59
2  38   16    4.42
2  38   17    3.99
2  38   18    3.88
2  38   19    3.80
2  39    1    4.08
2  39    2    3.62
2  39    3    3.55
2  39    4    3.43
2  39    5    3.13
2  39    6    3.28
2  39    7    3.13
2  39    8    3.28
2  39    9    3.02
2  39   10    3.48
2  39   11    3.34
2  39   12    3.25
2  39   13    3.38
2  39   14    3.68
2  39   15    3.40
2  39   16    3.54
2  39   17    3.66
2  39   18    3.52
2  39   19    3.40
2  40    1    4.02
2  40    2    3.45
2  40    3    3.28
2  40    4    3.31
2  40    5    3.37
2  40    6    3.26
2  40    7    3.25
2  40    8    3.48
2  40    9    3.23
2  40   10    3.03
2  40   11    2.80
2  40   12    3.17
2  40   13    3.04
2  40   14    3.05
2  41    1    3.18
2  41    2    3.12
2  41    3    2.87
2  41    4    3.04
2  41    5    2.88
2  41    6    3.08
2  41    7    3.15
2  41    8    3.22
2  41    9    3.20
2  41   10    3.46
2  41   11    3.33
2  41   12    3.26
2  41   13    3.40
2  41   14    3.36
2  41   15    3.97
2  41   16    3.20
2  41   17    3.10
2  41   18    3.19
2  41   19    3.10
2  42    1    4.11
2  42    2    4.09
2  42    3    3.54
2  42    4    3.15
2  42    5    3.57
2  42    6    3.23
2  42    7    3.10
2  42    8    3.30
2  42    9    3.60
2  42   10    3.74
2  42   11    3.55
2  42   12    3.66
2  42   13    3.68
2  42   14    3.81
2  42   15    3.97
2  42   16    3.78
2  42   17    3.41
2  42   18    3.15
2  42   19    3.32
2  43    1    3.27
2  43    2    3.10
2  43    3    3.14
2  43    4    2.80
2  43    5    3.34
2  43    6    3.11
2  43    7    3.17
2  43    8    3.15
2  43    9    3.52
2  43   10    3.35
2  43   11    3.30
2  43   12    3.55
2  43   14    3.11
2  43   15    2.94
2  43   16    3.25
2  43   17    3.05
2  43   18    2.95
2  44    1    3.27
2  44    2    3.40
2  44    3    3.50
2  44    4    3.38
2  44    5    3.29
2  44    6    3.60
2  44    7    3.50
2  44    8    3.33
2  44    9    3.66
2  44   10    3.68
2  44   11    3.20
2  44   12    3.10
2  44   13    3.32
2  44   14    3.26
2  44   15    3.08
2  45    1    3.97
2  45    2    3.60
2  45    3    3.50
2  45    4    3.50
2  45    5    3.58
2  45    6    3.58
2  45    7    3.57
2  45    8    3.65
2  45    9    3.71
2  45   10    3.37
2  45   11    3.15
2  45   12    3.20
2  45   13    3.32
2  45   14    3.01
2  46    1    3.31
2  46    2    3.42
2  46    3    3.24
2  46    4    3.38
2  46    5    3.39
2  46    6    3.70
2  46    7    3.47
2  46    8    3.49
2  46    9    3.64
2  46   10    3.50
2  46   11    3.27
2  46   12    2.95
2  46   13    3.04
2  46   14    3.21
2  46   15    3.04
2  47    1    4.12
2  47    2    3.25
2  47    3    3.14
2  47    4    3.00
2  47    5    3.20
2  47    6    3.55
2  47    7    3.45
2  47    8    3.63
2  47    9    3.50
2  47   10    3.90
2  47   11    3.30
2  47   12    3.70
2  47   13    3.92
2  47   14    3.87
2  47   15    3.25
2  47   16    3.12
2  47   17    3.04
2  47   18    3.45
2  47   19    3.38
2  48    1    3.92
2  48    2    3.55
2  48    3    3.74
2  48    4    3.46
2  48    5    3.45
2  48    6    3.48
2  48    7    3.26
2  48    8    3.60
2  48    9    3.50
2  48   10    2.86
2  48   11    3.65
2  48   12    3.17
2  48   13    3.18
2  48   14    3.05
2  49    1    3.78
2  49    2    3.40
2  49    3    3.17
2  49    4    3.28
2  49    5    3.27
2  49    6    3.69
2  49    7    3.24
2  49    8    3.30
2  49    9    3.24
2  49   10    2.91
2  49   11    3.00
2  49   12    2.85
2  49   13    3.41
2  49   14    3.30
2  49   15    3.22
2  49   16    3.55
2  49   17    3.62
2  49   18    3.59
2  49   19    3.45
2  50    1    4.00
2  50    2    3.74
2  50    3    3.48
2  50    4    3.75
2  50    5    3.78
2  50    6    3.77
2  50    7    3.70
2  50    8    3.91
2  50    9    3.94
2  50   10    3.94
2  50   11    3.10
2  50   12    3.10
2  50   13    3.30
2  50   14    3.27
2  51    1    4.37
2  51    2    4.06
2  51    3    3.77
2  51    4    3.40
2  51    5    3.30
2  51    6    3.27
2  51    7    3.05
2  51    8    3.10
2  51    9    3.72
2  51   10    3.25
2  51   11    3.55
2  51   12    3.70
2  51   13    3.65
2  51   14    3.80
2  51   15    3.78
2  51   16    4.08
2  51   17    4.10
2  51   18    3.57
2  52    1    3.79
2  52    2    4.07
2  52    3    3.35
2  52    4    3.46
2  52    5    3.20
2  52    6    3.99
2  52    7    3.54
2  52    9    3.25
2  52   10    3.30
2  52   11    3.18
2  52   12    3.21
2  52   13    3.75
2  52   14    3.67
2  52   15    3.77
2  52   16    3.76
2  52   17    3.75
2  52   18    3.92
2  52   19    3.50
3  53    1    3.69
3  53    2    3.38
3  53    3    3.00
3  53    4    3.50
3  53    5    3.09
3  53    6    3.30
3  53    7    3.07
3  53    8    3.22
3  53    9    2.97
3  53   10    3.60
3  53   11    3.42
3  53   12    3.59
3  53   13    3.77
3  53   14    3.74
3  53   15    3.70
3  53   16    3.78
3  53   17    3.78
3  53   18    3.77
3  53   19    3.53
3  54    1    4.20
3  54    2    3.35
3  54    3    3.37
3  54    4    3.07
3  54    5    2.82
3  54    6    3.05
3  54    7    3.12
3  54    8    2.85
3  54    9    3.20
3  54   10    3.38
3  54   11    3.25
3  54   12    3.26
3  54   13    3.30
3  54   14    3.17
3  54   15    3.40
3  54   16    3.41
3  54   17    3.28
3  54   18    3.42
3  54   19    3.25
3  55    1    3.31
3  55    2    3.04
3  55    3    2.80
3  55    4    3.17
3  55    5    2.92
3  55    6    2.84
3  55    7    2.87
3  55    8    3.13
3  55    9    2.87
3  55   10    3.05
3  55   11    3.00
3  55   12    3.26
3  55   13    3.22
3  55   14    3.31
3  55   15    3.20
3  55   16    3.18
3  55   17    3.09
3  55   18    3.30
3  55   19    3.12
3  56    1    3.13
3  56    2    3.34
3  56    3    3.34
3  56    4    3.25
3  56    5    2.79
3  56    6    3.00
3  56    7    3.11
3  56    8    3.27
3  56    9    3.59
3  56   10    3.28
3  56   11    3.49
3  56   12    3.60
3  56   13    3.63
3  56   14    3.60
3  56   15    3.60
3  56   16    3.10
3  56   17    3.38
3  56   18    3.34
3  56   19    3.03
3  57    1    3.73
3  57    2    3.61
3  57    3    3.82
3  57    4    3.61
3  57    5    3.45
3  57    6    3.36
3  57    7    3.02
3  57    8    3.37
3  57    9    3.44
3  57   10    3.00
3  57   11    3.42
3  57   12    3.18
3  57   13    3.37
3  57   14    3.45
3  57   15    3.64
3  57   16    3.68
3  57   17    3.56
3  57   18    3.63
3  57   19    3.46
3  58    1    4.32
3  58    2    3.70
3  58    3    3.62
3  58    4    3.50
3  58    5    3.57
3  58    6    3.28
3  58    7    3.38
3  58    8    3.40
 3  58    9    3.33
 3  58   10    3.45
 3  58   11    3.22
 3  58   12    3.28
 3  58   13    3.24
 3  58   14    2.93
 3  59    1    3.04
 3  59    2    2.89
 3  59    3    2.78
 3  59    4    2.84
 3  59    5    2.61
 3  59    6    3.00
 3  59    7    3.08
 3  59    8    3.12
 3  59    9    2.80
 3  59   10    3.25
 3  59   11    3.13
 3  59   12    3.15
 3  59   13    3.04
 3  59   14    2.95
 3  59   15    3.08
 3  59   16    2.76
 3  59   17    2.89
 3  59   18    2.75
 3  59   19    2.66
 3  60    1    3.84
 3  60    2    3.51
 3  60    3    3.39
 3  60    4    2.88
 3  60    5    3.41
 3  60    6    3.49
 3  60    7    3.30
 3  60    8    3.37
 3  60    9    3.47
 3  60   10    3.30
 3  60   11    3.21
 3  60   12    3.64
 3  60   13    3.55
 3  60   14    3.43
 3  60   15    3.17
 3  60   16    3.23
 3  60   17    3.15
 3  60   18    2.95
 3  61    1    3.98
 3  61    2    3.30
 3  61    3    3.02
 3  61    4    2.99
 3  61    5    2.84
 3  61    6    2.92
 3  61    7    3.08
 3  61    8    2.85
 3  61    9    3.17
 3  61   10    3.15
 3  61   11    3.15
 3  61   12    2.87
 3  61   13    3.07
 3  61   14    3.05
 3  61   15    3.10
 3  61   16    3.21
 3  61   17    3.13
 3  61   18    3.17
 3  61   19    2.78
 3  62    1    4.18
 3  62    2    4.12
 3  62    3    3.84
 3  62    4    3.65
 3  62    5    3.65
 3  62    6    3.54
 3  62    7    3.52
 3  62    8    3.41
 3  62    9    3.44
 3  62   10    3.32
 3  62   11    3.23
 3  62   12    2.70
 3  62   13    3.03
 3  62   14    2.88
 3  62   15    2.68
 3  63    1    4.20
 3  63    2    3.40
 3  63    3    3.55
 3  63    4    3.45
 3  63    5    3.45
 3  63    6    3.30
 3  63    7    3.25
 3  63    8    3.43
 3  63    9    3.38
 3  63   10    3.07
 3  63   11    2.94
 3  63   12    3.17
 3  63   13    3.18
 3  63   14    3.00
 3  64    1    4.10
 3  64    2    3.59
 3  64    3    3.52
 3  64    4    3.43
 3  64    6    3.33
 3  64    7    3.57
 3  64    8    3.90
 3  64    9    3.74
 3  64   10    3.51
 3  64   11    3.29
 3  64   12    3.31
 3  64   13    3.31
 3  64   14    3.22
 3  65    1    3.25
 3  65    2    3.75
 3  65    3    3.42
 3  65    4    3.38
 3  65    5    3.52
 3  65    6    2.72
 3  65    7    3.38
 3  65    8    3.75
 3  65    9    3.90
 3  65   10    3.76
 3  65   11    4.22
 3  65   12    3.14
 3  65   13    3.30
 3  65   14    3.35
 3  65   15    3.17
 3  66    1    3.34
 3  66    2    3.00
 3  66    3    3.10
 3  66    4    3.31
 3  66    5    3.30
 3  66    6    3.26
 3  66    7    3.00
 3  66    8    3.12
 3  66    9    3.00
 3  66   10    2.45
 3  66   11    2.55
 3  66   12    2.97
 3  66   13    2.79
 3  66   14    2.88
 3  67    1    3.50
 3  67    2    3.35
 3  67    3    3.05
 3  67    4    2.92
 3  67    5    2.83
 3  67    6    3.15
 3  67    7    3.03
 3  67    8    2.95
 3  67    9    3.35
 3  67   10    3.11
 3  67   11    2.57
 3  67   12    2.67
 3  67   13    3.04
 3  67   14    3.05
 3  67   15    2.87
 3  68    1    4.13
 3  68    2    3.12
 3  68    3    2.96
 3  68    4    2.86
 3  68    5    2.74
 3  68    6    3.24
 3  68    7    3.06
 3  68    8    2.86
 3  68    9    2.90
 3  68   10    3.20
 3  68   11    3.02
 3  68   12    2.87
 3  68   13    3.20
 3  68   14    3.14
 3  68   15    2.84
 3  68   16    2.75
 3  68   17    2.96
 3  68   18    2.90
 3  68   19    2.71
 3  69    1    3.21
 3  69    2    3.52
 3  69    3    3.43
 3  69    4    3.45
 3  69    5    3.48
 3  69    6    4.30
 3  69    9    3.96
 3  69   11    3.57
 3  69   12    3.29
 3  69   13    3.52
 3  69   14    3.35
 3  69   15    3.20
 3  70    1    3.90
 3  70    2    3.19
 3  70    3    3.53
 3  70    4    3.45
 3  70    5    3.31
 3  70    6    3.45
 3  70    7    2.83
 3  70    8    3.50
 3  70    9    3.60
 3  70   10    3.76
 3  70   11    3.60
 3  70   12    3.18
 3  70   13    3.00
 3  70   14    3.29
 3  70   15    3.15
 3  70   16    2.96
 3  71    1    3.50
 3  71    2    3.12
 3  71    3    3.33
 3  71    4    3.22
 3  71    5    3.20
 3  71    6    2.82
 3  71    7    2.74
 3  71    8    2.77
 3  71    9    3.02
 3  71   10    2.80
 3  71   11    3.08
 3  71   12    3.04
 3  71   13    3.17
 3  71   14    3.26
 3  71   15    3.51
 3  71   16    3.30
 3  71   17    3.26
 3  71   18    3.70
 3  71   19    3.40
 3  72    1    4.10
 3  72    2    3.42
 3  72    3    3.58
 3  72    4    3.11
 3  72    5    3.06
 3  72    6    3.10
 3  72    7    3.13
 3  72    8    3.01
 3  72    9    3.05
 3  72   10    3.05
 3  72   11    2.88
 3  72   12    3.52
 3  72   13    3.58
 3  72   14    3.36
 3  72   15    3.40
 3  72   16    3.58
 3  72   17    3.19
 3  72   18    3.29
 3  72   19    3.65
 3  73    1    2.69
 3  73    2    3.39
 3  73    3    3.20
 3  73    4    3.06
 3  73    5    3.46
 3  73    6    3.14
 3  73    7    3.05
 3  73    8    2.94
 3  73    9    2.88
 3  73   10    3.00
 3  73   11    3.25
 3  73   12    3.38
 3  73   13    3.20
 3  73   14    3.13
 3  73   15    3.27
 3  73   16    3.42
 3  73   17    3.04
 3  73   18    3.20
 3  73   19    3.52
 3  74    1    4.30
 3  74    2    3.37
 3  74    3    3.47
 3  74    4    3.37
 3  74    5    3.10
 3  74    6    3.64
 3  74    8    3.55
 3  74    9    3.60
 3  74   10    3.55
 3  74   11    3.45
 3  74   12    3.59
 3  74   13    3.75
 3  74   14    3.75
 3  74   15    3.18
 3  74   16    2.92
 3  74   17    3.32
 3  74   18    3.31
 3  74   19    3.18
 3  75    1    4.06
 3  75    2    3.85
 3  75    3    3.93
 3  75    4    4.00
 3  75    5    4.20
 3  75    6    3.90
 3  75    7    3.65
 3  75    8    4.13
 3  75    9    3.84
 3  75   10    3.46
 3  75   11    3.22
 3  75   12    3.33
 3  75   13    3.37
 3  75   14    3.20
 3  76    1    3.88
 3  76    2    3.81
 3  76    3    3.44
 3  76    4    3.14
 3  76    5    3.10
 3  76    6    3.35
 3  76    7    3.27
 3  76    8    3.10
 3  76    9    3.00
 3  76   10    3.12
 3  76   11    3.15
 3  76   12    2.90
 3  76   13    3.51
 3  76   14    3.21
 3  76   15    3.40
 3  76   16    3.49
 3  76   17    3.60
 3  76   18    3.45
 3  76   19    3.50
 3  77    1    3.95
 3  77    2    3.22
 3  77    3    3.38
 3  77    4    3.20
 3  77    5    3.40
 3  77    6    3.34
 3  77    7    3.20
 3  77    8    3.50
 3  77    9    3.35
 3  77   10    3.25
 3  77   11    2.97
 3  77   12    3.14
 3  77   13    3.20
 3  77   14    3.04
 3  78    1    3.67
 3  78    2    3.26
 3  78    3    3.35
 3  78    4    3.28
 3  78    5    2.94
 3  78    6    3.30
 3  78    7    3.27
 3  78    8    3.61
 3  78    9    3.60
 3  78   10    3.78
 3  78   11    3.55
 3  78   12    3.55
 3  78   13    4.00
 3  78   14    3.87
 3  78   15    3.71
 3  78   16    3.47
 3  78   17    3.15
 3  78   18    3.35
 3  78   19    3.09
 3  79    1    4.27
 3  79    2    3.95
 3  79    3    3.85
 3  79    4    3.85
 3  79    5    3.95
 3  79    6    3.45
 3  79    7    3.70
 3  79    8    3.95
 3  79    9    3.92
 3  79   10    3.34
 3  79   11    3.45
 3  79   12    3.19
 3  79   13    3.67
 3  79   14    3.25
