 1 1 1 1 0 0 0 0                                            
 1 1 1 1 1 1 1 0                                            
 2 1 1 1 0 0 0 0                                            
 2 1 1 1 1 1 1 0                                            
 3 1 1 1 0 0 0 0                                            
 3 1 1 1 1 1 1 0                                            
 4 1 1 1 0 0 0 0                                            
 4 1 1 1 1 1 1 0                                            
 5 1 1 1 0 0 0 0                                            
 5 1 1 1 1 1 1 0                                            
 6 1 1 1 0 0 0 0                                            
 6 1 1 1 1 1 1 0                                            
 7 1 1 1 0 0 0 0                                            
 7 1 1 1 1 1 1 0                                            
 8 1 1 1 0 0 0 0                                            
 8 1 1 1 1 1 1 0                                            
 9 1 1 1 0 0 0 0                                            
 9 1 1 1 1 1 1 0                                            
10 1 1 1 0 0 0 0                                            
10 1 1 1 1 1 1 0                                            
11 1 1 1 0 0 0 0                                            
11 1 1 1 1 1 1 0                                            
12 1 1 1 0 0 0 0                                            
12 1 1 1 1 1 1 0                                            
13 1 1 1 0 0 0 0                                            
13 1 1 1 1 1 1 0                                            
14 1 1 1 0 0 0 0                                            
14 1 1 1 1 1 1 0                                            
15 1 1 1 0 0 0 0                                            
15 1 1 1 1 1 1 0                                            
16 1 1 1 0 0 0 0                                            
16 1 1 1 1 1 1 0                                            
17 1 1 1 0 0 0 0                                            
17 1 1 1 1 1 1 0                                            
18 1 1 1 0 0 0 0                                            
18 1 1 1 1 1 1 0                                            
19 1 1 1 0 0 0 0                                            
19 1 1 1 1 1 1 0                                            
20 1 1 1 0 0 0 0                                            
20 1 1 1 1 1 1 0                                            
21 1 1 1 0 0 0 0                                            
21 1 1 1 1 1 1 0                                            
22 1 1 1 0 0 0 0                                            
22 1 1 1 1 1 1 0                                            
23 1 1 1 0 0 0 0                                            
23 1 0 1 1 1 1 0                                            
24 1 1 1 0 0 0 0                                            
24 1 0 1 1 1 1 0                                            
25 1 1 1 0 0 0 0                                            
25 1 0 1 1 1 1 0                                            
26 1 1 1 0 0 0 0                                            
26 1 0 1 1 1 1 0                                            
27 1 1 1 0 0 0 0                                            
27 1 0 1 1 1 1 0                                            
28 1 1 1 0 0 0 0                                            
28 1 0 1 1 1 1 0                                            
29 1 0 1 0 0 0 0                                            
29 1 0 1 1 1 1 0                                            
30 1 0 1 0 0 0 0                                            
30 1 0 1 1 1 1 0                                            
31 1 0 1 0 0 0 0                                            
31 1 0 1 1 1 1 0                                            
32 1 0 1 0 0 0 0                                            
32 1 0 1 1 1 1 0                                            
33 1 0 1 0 0 0 0                                            
33 1 0 1 1 1 1 0                                            
34 1 0 1 0 0 0 0                                            
34 1 0 1 1 1 1 0                                            
35 1 1 1 1 0 0 1                                            
35 1 1 1 0 1 0 1                                            
36 1 1 1 1 0 0 1                                            
36 1 1 1 0 1 0 1                                            
37 1 1 1 1 0 0 1                                            
37 1 1 1 0 1 0 1                                            
38 1 1 1 1 0 0 1                                            
38 1 1 1 0 1 0 1                                            
39 1 1 1 1 0 0 1                                            
39 1 1 1 0 1 0 1                                            
40 1 1 1 1 0 0 1                                            
40 1 1 1 0 1 0 1                                            
41 1 1 1 1 0 0 1                                            
41 1 1 1 0 1 0 1                                            
42 1 1 1 1 0 0 1                                            
42 1 1 1 0 1 0 1                                            
43 1 1 1 1 0 0 1                                            
43 1 1 1 0 1 0 1                                            
44 1 1 1 1 0 0 1                                            
44 1 1 1 0 1 0 1                                            
45 1 1 1 1 0 0 1                                            
45 1 1 1 0 1 0 1                                            
46 1 1 1 1 0 0 1                                            
46 1 1 1 0 1 0 1                                            
47 1 1 1 1 0 0 1                                            
47 1 1 1 0 1 0 1                                            
48 1 1 1 1 0 0 1                                            
48 1 1 1 0 1 0 1                                            
49 1 1 1 1 0 0 1                                            
49 1 1 1 0 1 0 1                                            
50 1 1 1 1 0 0 1                                            
50 1 1 1 0 1 0 1                                            
51 1 1 1 1 0 0 1                                            
51 1 1 1 0 1 0 1                                            
52 1 1 1 1 0 0 1                                            
52 1 1 1 0 1 0 1                                            
53 1 1 1 1 0 0 1                                            
53 1 0 1 0 1 0 1                                            
54 1 1 1 1 0 0 1                                            
54 1 0 1 0 1 0 1                                            
55 1 0 1 1 0 0 1                                            
55 1 1 1 0 1 0 1                                            
56 1 0 1 1 0 0 1                                            
56 1 1 1 0 1 0 1                                            
57 1 0 1 1 0 0 1                                            
57 1 1 1 0 1 0 1                                            
58 1 0 1 1 0 0 1                                            
58 1 1 1 0 1 0 1                                            
59 1 0 1 1 0 0 1                                            
59 1 0 1 0 1 0 1                                            
60 1 0 1 1 0 0 1                                            
60 1 0 1 0 1 0 1                                            
61 1 0 1 1 0 0 1                                            
61 1 0 1 0 1 0 1                                            
62 1 0 1 1 0 0 1                                            
62 1 0 1 0 1 0 1                                            
63 1 0 1 1 0 0 1                                            
63 1 0 1 0 1 0 1                                            
64 1 0 1 1 0 0 1                                            
64 1 0 1 0 1 0 1                                            
65 1 0 1 1 0 0 1                                            
65 1 0 1 0 1 0 1                                            
66 1 0 1 1 0 0 1                                            
66 1 0 1 0 1 0 1                                            
67 1 0 1 1 0 0 1                                            
67 1 0 1 0 1 0 1                                            
